free_thresh: 0.196
image: room.pgm
negate: 0
occupied_thresh: 0.65
origin: [-5.1000000000000005, -5.1000000000000005, 0.0]
resolution: 0.01
